Loco ID,Train Number,Last Seen,Last Date,Last Time,Latitude,Longitude,Speed,Origin,Destination,Description,Total Sightings,cId,servId,trKey
5022,BW246,2026-02-16 12:14:46,2026-02-16,12:14:46,-32.837167,151.68712,0,Mt Arthur,PWCS Kooragang,AZ Coal,2,,,
XRN016,MO186,2026-02-16 12:14:46,2026-02-16,12:14:46,-32.836477,151.68712,0,Mt Owen,PWCS Kooragang,ORA Coal,2,,,
5012,HA421,2026-02-16 12:14:46,2026-02-16,12:14:46,-32.82264,151.680987,1,Vales Point / Eraring,Hexham,AZ Coal,2,,,
5009,BW294,2026-02-16 12:14:46,2026-02-16,12:14:46,-32.822047,151.680893,39,Mount Arthur,PWCS Kooragang,AZ Coal,2,,,
XRN027,MN411,2026-02-16 12:14:46,2026-02-16,12:14:46,-32.776847,151.63172,65,Vales Point / Eraring,Mangoola,ORA Coal,2,,,
XRN001,UL142,2026-02-16 12:14:46,2026-02-16,12:14:46,-32.869213,151.756867,1,Ulan,PWCS Kooragang,ORA Coal,2,,,
XRN006,MN164,2026-02-16 12:14:46,2026-02-16,12:14:46,-32.86901,151.758253,1,Mangoola,PWCS Kooragang,ORA Coal,2,,,
TT03,GR443,2026-02-16 12:14:46,2026-02-16,12:14:46,-32.865797,151.74752,10,,,,2,,,
TT131,BG204,2026-02-16 12:14:46,2026-02-16,12:14:46,-32.865107,151.743147,17,Bengalla,PWCS Kooragang,PN Coal,2,,,
HM2751,V784,2026-02-16 12:14:46,2026-02-16,12:14:46,-32.859677,151.697347,96,Telarah,Newcastle Interchange,Hunter Line Service,2,,,
1101,4112,2026-02-16 12:14:46,2026-02-16,12:14:46,-32.935787,151.714987,17,Carrington,Cooks River / IMEX Terminal Moorebank,QUBE Containerised Freight,2,,,
HM2757,V880,2026-02-16 12:14:46,2026-02-16,12:14:46,-32.92828,151.7256,11,Newcastle Interchange,Broadmeadow Maintenance Centre,Hunter Railcar Transfer,2,,,
HM2753,V882,2026-02-16 12:14:46,2026-02-16,12:14:46,-32.926903,151.728347,6,Newcastle Interchange,Broadmeadow Maintenance Centre,Hunter Railcar Transfer,2,,,
HM2703,V682,2026-02-16 12:14:46,2026-02-16,12:14:46,-32.92358,151.758013,5,Scone,Newcastle Interchange,Hunter Line Service,2,,,
8236,5438,2026-02-16 12:14:46,2026-02-16,12:14:46,-32.915907,151.76792,12,North West NSW,Carrington,PN Grain,2,,,
TNSW-1460-7766,N781,2026-02-16 12:14:46,2026-02-16,12:14:46,-32.920212,151.751007,0,Central,Newcastle Interchange via Strathfield,Central Coast & Newcastle Line,2,,,
TNSW-8038-6840,N480,2026-02-16 12:14:46,2026-02-16,12:14:46,-32.972961,151.591492,0,Newcastle Interchange,Central via Gordon,Central Coast & Newcastle Line,2,,,
6011,JW62,2026-02-16 12:14:46,2026-02-16,12:14:46,-32.753563,151.603533,53,Wambo,Port Kembla,AZ Coal,2,,,
HM2706,V789,2026-02-16 12:14:46,2026-02-16,12:14:46,-32.723697,151.53968,14,Newcastle Interchange,Telarah,Hunter Line Service,2,,,
9323,GR419,2026-02-16 12:14:46,2026-02-16,12:14:46,-32.67136,151.370453,1,,,,2,,,
LDP009,ND258,2026-02-16 12:14:46,2026-02-16,12:14:46,-32.670323,151.369253,57,Newdell,PWCS Kooragang,PN Coal,2,,,
9015,BG357,2026-02-16 12:14:46,2026-02-16,12:14:46,-32.664747,151.353987,18,PWCS Kooragang,Bengalla,PN Coal,2,,,
TT116,MR369,2026-02-16 12:14:46,2026-02-16,12:14:46,-32.739903,151.571667,63,PWCS Kooragang,Moolarben,PN Coal,2,,,
X22-X50,L3,2026-02-16 12:14:46,2026-02-16,12:14:46,-33.908569,151.223496,29,,,Kingsford Line,2,,,
TNSW-4474-2537,24-L,2026-02-16 12:14:46,2026-02-16,12:14:46,-33.90605,151.20253,0,Macarthur,City Circle via Airport,T8 Airport & South Line,2,,,
X23-X24,L2,2026-02-16 12:14:46,2026-02-16,12:14:46,-33.900501,151.222839,25,,,Randwick Line,2,,,
TSRS013,M1-1,2026-02-16 12:14:46,2026-02-16,12:14:46,-33.898079,151.200516,7,,,Metro North West & Bankstown Line,2,,,
TNSW-9934-2291,90XU,2026-02-16 12:14:46,2026-02-16,12:14:46,-33.894425,151.194531,0,City Circle,Parramatta,T2 Leppington & Inner West Line,2,,,
TNSW-1634-4500,90XV,2026-02-16 12:14:46,2026-02-16,12:14:46,-33.893748,151.196051,0,Parramatta,City Circle ,T2 Leppington & Inner West Line,2,,,
X08-X53,L2,2026-02-16 12:14:46,2026-02-16,12:14:46,-33.874229,151.206863,0,,,Randwick Line,2,,,
TNSW-6563-6255,607K,2026-02-16 12:14:46,2026-02-16,12:14:46,-33.87342,151.20707,0,Bondi Junction,Waterfall via City,T4 Eastern Suburbs & Illawarra Line,2,,,
TNSW-2152-6616,85-W,2026-02-16 12:14:46,2026-02-16,12:14:46,-33.87341,151.20693,0,City Circle,Leppington via Sydenham,T8 Airport & South Line,2,,,
TNSW-2979-6109,14-N,2026-02-16 12:14:46,2026-02-16,12:14:46,-33.87077,151.206908,0,City Circle,Parramatta,T2 Leppington & Inner West Line,2,,,
X12-X32,L3,2026-02-16 12:14:46,2026-02-16,12:14:46,-33.868752,151.20694,22,,,Kingsford Line,2,,,
TNSW-4244-6098,618L,2026-02-16 12:14:46,2026-02-16,12:14:46,-33.868181,151.214676,0,Cronulla,Bondi Junction via City,T4 Eastern Suburbs & Illawarra Line,2,,,
TNSW-2791-3100,12-S,2026-02-16 12:14:46,2026-02-16,12:14:46,-33.868094,151.21208,0,City Circle,Leppington via Granville,T2 Leppington & Inner West Line,2,,,
X09-X46,L3,2026-02-16 12:14:46,2026-02-16,12:14:46,-33.86409,151.207504,18,,,Kingsford Line,2,,,
TSRS023,M1-0,2026-02-16 12:14:46,2026-02-16,12:14:46,-33.865971,151.210037,29,,,Metro North West & Bankstown Line,2,,,
TNSW-9219-8304,615T,2026-02-16 14:00:06,2026-02-16,14:00:06,-34.053248,151.150587,0,Bondi Junction,Cronulla via City,T4 Eastern Suburbs & Illawarra Line,4,aa49d747-1a7f-4a6d-8ab6-fb6b1a97cf21,,TNSW-9219-8304
TNSW-4886-2784,615S,2026-02-16 12:14:46,2026-02-16,12:14:46,-33.890742,151.247646,0,Waterfall,Bondi Junction via City,T4 Eastern Suburbs & Illawarra Line,2,,,
X13-X14,L2,2026-02-16 12:14:46,2026-02-16,12:14:46,-33.890011,151.218002,14,,,Randwick Line,2,,,
TNSW-1992-7967,11-V,2026-02-16 12:14:46,2026-02-16,12:14:46,-33.885774,151.205205,0,Olympic Park,Central,T7 Olympic Park Line,2,,,
X40-X54,L3,2026-02-16 12:14:46,2026-02-16,12:14:46,-33.887001,151.209305,29,,,Kingsford Line,2,,,
TNSW-9456-6259,845T,2026-02-16 14:00:06,2026-02-16,14:00:06,-33.749447,150.693522,0,City,Emu Plains,T1 Western Line,4,aa49d747-1a7f-4a6d-8ab6-fb6b1a97cf21,,TNSW-9456-6259
TNSW-8697-6654,621S,2026-02-16 12:14:46,2026-02-16,12:14:46,-33.89191,151.19819,0,Cronulla,Bondi Junction via City,T4 Eastern Suburbs & Illawarra Line,2,,,
TNSW-2607-8551,78-W,2026-02-16 12:14:46,2026-02-16,12:14:46,-33.88437,151.20734,0,City Circle,Macarthur via Airport,T8 Airport & South Line,2,,,
TNSW-3655-6046,C195,2026-02-16 12:14:46,2026-02-16,12:14:46,-33.883099,151.205793,0,Bondi Junction and Central,Bomaderry ,South Coast Line,2,,,
X07-X26,L3,2026-02-16 12:14:46,2026-02-16,12:14:46,-33.882191,151.20665,29,,,Kingsford Line,2,,,
X35-X36,L2,2026-02-16 12:14:46,2026-02-16,12:14:46,-33.88126,151.204956,0,,,Randwick Line,2,,,
CAF Urbos 3 Light Rail Vehicle,L1,2026-02-16 12:14:46,2026-02-16,12:14:46,-33.8797,151.205338,12,,,Dulwich Hill Line,2,,,
1296,L1,2026-02-16 12:14:46,2026-02-16,12:14:46,-33.879379,151.202957,15,,,Dulwich Hill Line,2,,,
1437,T252,2026-02-16 12:14:46,2026-02-16,12:14:46,-33.964373,151.215173,2,Moorebank IMEX Terminal,Port Botany,QUBE Trip Train,2,,,
PHC001,5190,2026-02-16 12:14:46,2026-02-16,12:14:46,-33.952937,151.21632,1,Werris Creek,Port Botany,SRS-Crawford's Container Train,2,,,
X34-X60,L3,2026-02-16 12:14:46,2026-02-16,12:14:46,-33.918419,151.226288,39,,,Kingsford Line,2,,,
X02-X59,L3,2026-02-16 12:14:46,2026-02-16,12:14:46,-33.916321,151.225769,0,,,Kingsford Line,2,,,
1291,L1,2026-02-16 12:14:46,2026-02-16,12:14:46,-33.91016,151.139984,2,,,Dulwich Hill Line,2,,,
1293,L1,2026-02-16 12:14:46,2026-02-16,12:14:46,-33.898739,151.140274,0,,,Dulwich Hill Line,2,,,
1297,L1,2026-02-16 12:14:46,2026-02-16,12:14:46,-33.898441,151.140671,34,,,Dulwich Hill Line,2,,,
TNSW-1955-2746,29XW,2026-02-16 12:14:46,2026-02-16,12:14:46,-33.893986,151.154351,0,Parramatta,City Circle ,T2 Leppington & Inner West Line,2,,,
1295,L1,2026-02-16 12:14:46,2026-02-16,12:14:46,-33.877209,151.187622,12,,,Dulwich Hill Line,2,,,
1294,L1,2026-02-16 12:14:46,2026-02-16,12:14:46,-33.876659,151.189178,41,,,Dulwich Hill Line,2,,,
TNSW-6083-5019,163P,2026-02-16 12:14:46,2026-02-16,12:14:46,-33.888749,151.129575,0,Emu Plains,Berowra via City ,T1 Western Line,2,,,
TNSW-4461-3844,94-P,2026-02-16 12:14:46,2026-02-16,12:14:46,-33.8831,151.02414,0,City Circle,Liverpool via Regents Park,T3 Liverpool & Inner West Line,2,,,
TNSW-7062-7951,73BJ,2026-02-16 12:14:46,2026-02-16,12:14:46,-33.912941,151.028137,0,Lidcombe,Bankstown,T6 Lidcombe & Bankstown Line,2,,,
8211,2122,2026-02-16 12:14:46,2026-02-16,12:14:46,-33.844753,151.028347,2,Crisps Creek,Clyde Yard,PN Garbage Train,2,,,
TNSW-8488-4369,70BZ,2026-02-16 12:14:46,2026-02-16,12:14:46,-33.867213,151.036439,0,Bankstown,Lidcombe,T6 Lidcombe & Bankstown Line,2,,,
TNSW-9600-9745,23-M,2026-02-16 12:14:46,2026-02-16,12:14:46,-33.87169,151.09379,0,City Circle,Parramatta,T2 Leppington & Inner West Line,2,,,
TNSW-9218-2672,N721,2026-02-16 12:14:46,2026-02-16,12:14:46,-33.8714,151.09408,0,Central,Newcastle Interchange via Strathfield,Central Coast & Newcastle Line,2,,,
TNSW-1384-9204,843S,2026-02-16 12:14:46,2026-02-16,12:14:46,-33.87128,151.09418,0,Berowra and Hornsby,North Shore via Strathfield and City,T9 Northern Line,2,,,
TNSW-6114-1142,862P,2026-02-16 12:14:46,2026-02-16,12:14:46,-33.8808,151.112142,0,North Shore,Hornsby and Berowra via City and Strathfield,T9 Northern Line,2,,,
TNSW-9200-7821,609M,2026-02-16 13:44:57,2026-02-16,13:44:57,-34.053248,151.150587,0,Bondi Junction,Cronulla via City,T4 Eastern Suburbs & Illawarra Line,5,,,
TNSW-1123-1778,609N,2026-02-16 12:14:46,2026-02-16,12:14:46,-34.04762,151.14387,0,Cronulla,Bondi Junction via City,T4 Eastern Suburbs & Illawarra Line,2,,,
X28-X49,L2,2026-02-16 12:14:46,2026-02-16,12:14:46,-33.916458,151.236267,14,,,Randwick Line,2,,,
TNSW-5928-3346,95-L,2026-02-16 12:14:46,2026-02-16,12:14:46,-33.905472,151.183563,0,Leppington,City Circle via Sydenham,T8 Airport & South Line,2,,,
TNSW-9101-5566,21-W,2026-02-16 12:14:46,2026-02-16,12:14:46,-33.9286,151.15428,0,City Circle,Macarthur via Airport,T8 Airport & South Line,2,,,
TNSW-2866-3470,89-R,2026-02-16 12:14:46,2026-02-16,12:14:46,-33.92851,151.15428,0,Macarthur,City Circle via Airport,T8 Airport & South Line,2,,,
TNSW-6021-8574,600M,2026-02-16 12:14:46,2026-02-16,12:14:46,-33.905539,151.183682,0,Bondi Junction,Cronulla via City,T4 Eastern Suburbs & Illawarra Line,2,,,
TNSW-8997-1783,611S,2026-02-16 12:14:46,2026-02-16,12:14:46,-33.932187,151.149387,0,Waterfall,Bondi Junction via City,T4 Eastern Suburbs & Illawarra Line,2,,,
8142,1158,2026-02-16 12:14:46,2026-02-16,12:14:46,-33.910447,151.116227,36,St Marys Freight Hub,Port Botany,PN Intermodal Trip Train - RSS Crewed,2,,,
1432,D182,2026-02-16 12:14:46,2026-02-16,12:14:46,-33.914683,151.15736,21,,,QUBE Light Engine,2,,,
SSR104,1287,2026-02-16 12:14:46,2026-02-16,12:14:46,-33.914783,151.16084,27,"Boral, Enfield",Peppertree Quarry,SSR Empty Aggregates,2,,,
TNSW-3313-9394,95-K,2026-02-16 12:14:46,2026-02-16,12:14:46,-33.913977,151.167354,0,City Circle,Leppington via Sydenham,T8 Airport & South Line,2,,,
1435,T233,2026-02-16 12:14:46,2026-02-16,12:14:46,-33.920867,151.169773,3,Port Botany,IMEX Rail Terminal Moorebank,QUBE Trip Train,2,,,
CF4403,2188,2026-02-16 12:14:46,2026-02-16,12:14:46,-33.911387,151.147813,8,Peppertree Quarry,"Boral, Cooks River",SSR Loaded Aggregates,2,,,
TSRS021,M1-0,2026-02-16 12:14:46,2026-02-16,12:14:46,-33.913151,151.168106,39,,,Metro North West & Bankstown Line,2,,,
TNSW-1017-8217,L2EN,2026-02-16 12:14:46,2026-02-16,12:14:46,-33.86209,151.057361,0,Blacktown,Olympic Park,T7 Olympic Park Line,2,,,
TNSW-4654-1363,L1EX,2026-02-16 12:14:46,2026-02-16,12:14:46,-33.86009,151.061099,0,Olympic Park,Blacktown,T7 Olympic Park Line,2,,,
NR95,UNREG,2026-02-19 05:01:54,2026-02-19,05:01:54,-33.888513,151.050907,13,,,,766,18402348-3c0f-4dee-8bf5-3a8bbbf9945b,,NR95
TNSW-2404-8804,4--W,2026-02-16 12:14:46,2026-02-16,12:14:46,-33.86679,151.08631,0,Liverpool,City Circle via Regents Park,T3 Liverpool & Inner West Line,2,,,
CEY004,CA13,2026-02-16 12:14:46,2026-02-16,12:14:46,-33.853653,151.086573,42,NCIG Kooragang / Inner Harbour,Clarence,SSR Coal,2,,,
MAN001,1977,2026-02-16 12:14:46,2026-02-16,12:14:46,-34.060833,151.02724,54,Enfield,Bomaderry,SSR Empty Manildra Flour,2,,,
TNSW-3515-8106,614S,2026-02-16 12:14:46,2026-02-16,12:14:46,-34.055906,151.039722,0,Waterfall,Bondi Junction via City,T4 Eastern Suburbs & Illawarra Line,2,,,
TNSW-3474-7003,19-W,2026-02-16 12:14:46,2026-02-16,12:14:46,-33.94766,151.07042,0,City Circle,Macarthur via Airport,T8 Airport & South Line,2,,,
TNSW-7988-9937,616V,2026-02-16 12:14:46,2026-02-16,12:14:46,-33.97094,151.08102,0,Cronulla,Bondi Junction via City,T4 Eastern Suburbs & Illawarra Line,2,,,
TNSW-3729-1476,605R,2026-02-16 12:14:46,2026-02-16,12:14:46,-33.96751,151.10265,0,Cronulla,Bondi Junction via City,T4 Eastern Suburbs & Illawarra Line,2,,,
TNSW-4943-9715,10-S,2026-02-16 12:14:46,2026-02-16,12:14:46,-33.9476,151.07044,0,Macarthur,City Circle via Airport,T8 Airport & South Line,2,,,
TNSW-1093-5526,612T,2026-02-16 12:14:46,2026-02-16,12:14:46,-34.019226,151.064853,0,Bondi Junction,Cronulla via City,T4 Eastern Suburbs & Illawarra Line,2,,,
TNSW-4097-6265,602P,2026-02-16 12:14:46,2026-02-16,12:14:46,-33.968446,151.108997,0,Bondi Junction,Waterfall via City,T4 Eastern Suburbs & Illawarra Line,2,,,
TNSW-5743-4596,17-Z,2026-02-16 12:14:46,2026-02-16,12:14:46,-33.926989,150.925522,0,City Circle,Liverpool via Regents Park,T3 Liverpool & Inner West Line,2,,,
TNSW-7760-1072,3--R,2026-02-16 12:14:46,2026-02-16,12:14:46,-33.92475,150.9273,0,Leppington,City Circle via Granville,T2 Leppington & Inner West Line,2,,,
TNSW-9722-1585,5--W,2026-02-16 12:14:46,2026-02-16,12:14:46,-33.907763,150.936165,0,Liverpool,City Circle via Regents Park,T3 Liverpool & Inner West Line,2,,,
NR45,1YN2,2026-02-16 12:14:46,2026-02-16,12:14:46,-33.88768,150.94912,55,Whyalla,Morandoo,PN Infrabuild Steel via Lithgow,2,,,
TNSW-9698-1340,549N,2026-02-16 12:14:46,2026-02-16,12:14:46,-33.87251,150.95692,0,Richmond,Leppington,T5 Cumberland Line,2,,,
TNSW-9649-6031,27-N,2026-02-16 12:14:46,2026-02-16,12:14:46,-33.964316,150.967334,0,Macarthur,City Circle via Airport,T8 Airport & South Line,2,,,
TNSW-6240-9818,8--X,2026-02-16 12:14:46,2026-02-16,12:14:46,-33.959258,150.987671,0,City Circle,Macarthur via Airport,T8 Airport & South Line,2,,,
TNSW-3319-9811,96-R,2026-02-16 12:14:46,2026-02-16,12:14:46,-34.07191,150.79704,0,Campbelltown,Richmond,T5 Cumberland Line,2,,,
TNSW-8601-4886,96-P,2026-02-16 12:14:46,2026-02-16,12:14:46,-34.070572,150.804174,0,City Circle,Macarthur via Airport,T8 Airport & South Line,2,,,
TNSW-6732-7714,30-P,2026-02-16 12:14:46,2026-02-16,12:14:46,-33.954975,150.816906,0,City Circle,Leppington via Granville,T2 Leppington & Inner West Line,2,,,
TNSW-3621-1055,30-R,2026-02-16 12:14:46,2026-02-16,12:14:46,-33.95453,150.80838,0,Leppington,City Circle via Granville,T2 Leppington & Inner West Line,2,,,
TNSW-2287-4339,1--V,2026-02-16 12:14:46,2026-02-16,12:14:46,-33.951611,150.785294,0,City Circle,Macarthur via Airport,T8 Airport & South Line,2,,,
TNSW-6511-5182,79-M,2026-02-16 12:14:46,2026-02-16,12:14:46,-33.951561,150.787247,0,City Circle,Leppington via Granville,T2 Leppington & Inner West Line,2,,,
TNSW-4503-8001,28-R,2026-02-16 12:14:46,2026-02-16,12:14:46,-34.018064,150.846058,0,Macarthur,City Circle via Airport,T8 Airport & South Line,2,,,
TNSW-3075-2719,570U,2026-02-16 12:14:46,2026-02-16,12:14:46,-33.97078,150.865396,0,Leppington,Richmond,T5 Cumberland Line,2,,,
TSRS042,M1-0,2026-02-16 12:14:46,2026-02-16,12:14:46,-33.690289,150.910584,57,,,Metro North West & Bankstown Line,2,,,
TSRS019,M1-1,2026-02-16 12:14:46,2026-02-16,12:14:46,-33.710541,150.933716,83,,,Metro North West & Bankstown Line,2,,,
TNSW-3678-6449,521V,2026-02-16 12:14:46,2026-02-16,12:14:46,-33.774189,150.936096,0,Richmond,Leppington,T5 Cumberland Line,2,,,
TNSW-8903-3764,152U,2026-02-16 12:14:46,2026-02-16,12:14:46,-33.7745,150.93629,0,City,Emu Plains,T1 Western Line,2,,,
TSRS015,M1-0,2026-02-16 12:14:46,2026-02-16,12:14:46,-33.730068,150.94371,0,,,Metro North West & Bankstown Line,2,,,
TNSW-1778-8313,150P,2026-02-16 12:14:46,2026-02-16,12:14:46,-33.793086,150.952293,0,Emu Plains,Berowra via City ,T1 Western Line,2,,,
TNSW-9514-6413,833S,2026-02-16 12:14:46,2026-02-16,12:14:46,-33.743871,151.065354,0,North Shore,Hornsby and Berowra via City and Strathfield,T9 Northern Line,2,,,
TNSW-9988-8400,820V,2026-02-16 12:14:46,2026-02-16,12:14:46,-33.742213,151.067102,0,Berowra and Hornsby,North Shore via Strathfield and City,T9 Northern Line,2,,,
TSRS018,M1-1,2026-02-16 12:14:46,2026-02-16,12:14:46,-33.774101,151.082809,7,,,Metro North West & Bankstown Line,2,,,
TNSW-2997-7826,N486,2026-02-16 12:14:46,2026-02-16,12:14:46,-33.820439,151.089114,0,Newcastle Interchange,Central via Strathfield,Central Coast & Newcastle Line,2,,,
TNSW-8265-3604,140X,2026-02-16 12:14:46,2026-02-16,12:14:46,-33.80717,151.09022,0,Berowra and Hornsby,North Shore via Strathfield and City,T9 Northern Line,2,,,
TSRS036,M1-1,2026-02-19 05:01:54,2026-02-19,05:01:54,-33.914131,151.166657,0,,,Metro North West & Bankstown Line,766,27816dfb-2401-4e4c-aaa9-416e448fc6d7,2392d693-4601-42a1-945b-4fb0ee1ba71e,TSRS036
TNSW-2627-6437,544M,2026-02-16 12:14:46,2026-02-16,12:14:46,-33.61369,150.81102,0,Richmond,Leppington,T5 Cumberland Line,2,,,
TNSW-7622-2670,144L,2026-02-16 12:14:46,2026-02-16,12:14:46,-33.600349,150.755524,0,City,Richmond,T1 Western Line,2,,,
TNSW-6613-3877,N777,2026-02-16 12:14:46,2026-02-16,12:14:46,-33.20739,151.487839,0,Central,Newcastle Interchange via Strathfield,Central Coast & Newcastle Line,2,,,
TNSW-7731-1981,A631,2026-02-16 12:14:46,2026-02-16,12:14:46,-33.141579,151.481522,0,Central,Newcastle Interchange via Strathfield,Central Coast & Newcastle Line,2,,,
TNSW-6416-2502,167M,2026-02-16 12:14:46,2026-02-16,12:14:46,-33.60175,150.75907,0,City,Richmond,T1 Western Line,2,,,
TNSW-7194-5080,N470,2026-02-16 12:14:46,2026-02-16,12:14:46,-33.45005,151.320969,0,Newcastle Interchange,Central via Strathfield,Central Coast & Newcastle Line,2,,,
TNSW-4238-9471,N871,2026-02-16 12:14:46,2026-02-16,12:14:46,-33.495449,151.291794,0,Central,Newcastle Interchange via Strathfield,Central Coast & Newcastle Line,2,,,
TNSW-7906-4653,Y770,2026-02-16 12:14:46,2026-02-16,12:14:46,-33.410419,151.34642,0,,,Out Of Service trips,2,,,
MAN013,9877,2026-02-16 12:14:46,2026-02-16,12:14:46,-33.48954,150.236413,17,Bomaderry,Manildra,SSR Empty Manildra Flour,2,,,
8123,4833,2026-02-16 12:14:46,2026-02-16,12:14:46,-33.53783,150.262453,63,Carrington,Goonumbla,PN Empty Ore,2,,,
QL002,8964,2026-02-16 12:14:46,2026-02-16,12:14:46,-33.59694,150.263707,49,Blayney,Port Kembla,QUBE Loaded Containerised Ore,2,,,
TNSW-1630-9481,W791,2026-02-16 12:14:46,2026-02-16,12:14:46,-33.725741,150.38776,0,Central,Lithgow,Blue Mountains Line,2,,,
TE2802,WN58,2026-02-16 12:14:46,2026-02-16,12:14:46,-33.698937,150.57192,65,Bathurst,Lithgow,Bathurst Bullet - Transfer,2,,,
TNSW-3042-1029,138T,2026-02-16 12:14:46,2026-02-16,12:14:46,-33.749447,150.693522,0,City,Emu Plains,T1 Western Line,2,,,
TNSW-7927-6964,W793,2026-02-16 12:14:46,2026-02-16,12:14:46,-33.75012,150.69614,0,Central,Lithgow,Blue Mountains Line,2,,,
TNSW-6691-8334,160J,2026-02-16 12:14:46,2026-02-16,12:14:46,-33.758602,150.732735,0,Emu Plains,Berowra via City ,T1 Western Line,2,,,
TNSW-6239-4121,159K,2026-02-16 12:14:46,2026-02-16,12:14:46,-33.76219,150.77542,0,City,Emu Plains,T1 Western Line,2,,,
TNSW-5674-9251,W786,2026-02-16 12:14:46,2026-02-16,12:14:46,-33.73239,150.6043,0,Lithgow,Central,Blue Mountains Line,2,,,
TT106,1229,2026-02-16 12:14:46,2026-02-16,12:14:46,-33.767287,150.85664,1,Rooty Hill,Lynwood Siding (Marulan),PN Minerals,2,,,
TNSW-2135-3420,134R,2026-02-16 12:14:46,2026-02-16,12:14:46,-33.766626,150.8594,0,Emu Plains,Berowra via City ,T1 Western Line,2,,,
TNSW-4535-4941,536M,2026-02-16 12:14:46,2026-02-16,12:14:46,-33.73777,150.897247,0,Leppington,Richmond,T5 Cumberland Line,2,,,
8155,1821,2026-02-16 12:14:46,2026-02-16,12:14:46,-33.76752,150.901973,59,Enfield Yard,"Jamax Siding, Kelso",PN Empty Containerised Logs,2,,,
TNSW-3958-3194,509J,2026-02-16 12:14:46,2026-02-16,12:14:46,-33.836552,150.992584,0,Leppington,Richmond,T5 Cumberland Line,2,,,
NR9,2SP7,2026-02-16 12:14:46,2026-02-16,12:14:46,-33.815633,150.998253,46,SFT (Chullora),Kewdale,PN Intermodal,2,,,
TNSW-3962-9311,193P,2026-02-16 12:14:46,2026-02-16,12:14:46,-33.831964,151.010593,0,Emu Plains,Berowra via City ,T1 Western Line,2,,,
TNSW-5966-7765,13XX,2026-02-16 12:14:46,2026-02-16,12:14:46,-33.834405,151.014286,0,City Circle,Leppington via Granville,T2 Leppington & Inner West Line,2,,,
TSRS043,M1-1,2026-02-16 12:14:46,2026-02-16,12:14:46,-33.73035,150.997925,97,,,Metro North West & Bankstown Line,2,,,
TSRS032,M1-0,2026-02-16 12:14:46,2026-02-16,12:14:46,-33.73608,151.030899,39,,,Metro North West & Bankstown Line,2,,,
TNSW-4915-5751,830V,2026-02-16 12:14:46,2026-02-16,12:14:46,-33.62352,151.15313,0,Berowra and Hornsby,North Shore via Strathfield and City,T9 Northern Line,2,,,
TNSW-7822-7119,85-V,2026-02-16 12:14:46,2026-02-16,12:14:46,-33.885487,151.205572,0,Liverpool,City Circle via Regents Park,T3 Liverpool & Inner West Line,2,,,
TNSW-7032-5216,C384,2026-02-16 12:14:46,2026-02-16,12:14:46,-33.88347,151.20566,0,Kiama,Central and Bondi Junction,South Coast Line,2,,,
X55-X56,L2,2026-02-16 12:14:46,2026-02-16,12:14:46,-33.86134,151.208725,14,,,Randwick Line,2,,,
TSRS031,M1-0,2026-02-16 12:14:46,2026-02-16,12:14:46,-33.797081,151.180908,0,,,Metro North West & Bankstown Line,2,,,
TSRS009,M1-0,2026-02-16 14:00:06,2026-02-16,14:00:06,-33.691898,150.905334,0,,,Metro North West & Bankstown Line,4,27816dfb-2401-4e4c-aaa9-416e448fc6d7,f5d5a7ba-7ee5-4c1b-8e9a-85fd14c0c698,TSRS009
CF4425,5458,2026-02-16 12:14:46,2026-02-16,12:14:46,-30.712213,150.038267,0,North West NSW,Carrington,Aurizon Loaded Grain,2,,,
TT128,MB933,2026-02-16 12:14:46,2026-02-16,12:14:46,-30.568087,150.1148,1,NCIG Kooragang,Maules Creek,PN Coal,2,,,
WH001,GR443,2026-02-16 12:14:46,2026-02-16,12:14:46,-30.56804,150.114907,1,,,,2,,,
9304,NB924,2026-02-16 12:14:46,2026-02-16,12:14:46,-30.516437,149.910667,2,Narrabri,NCIG Kooragang,PN Coal,2,,,
8249,5426,2026-02-16 12:14:46,2026-02-16,12:14:46,-30.973837,150.24168,0,North West NSW,Carrington / Cargill Kooragang,PN Grain,2,,,
TT127,MR323,2026-02-16 12:14:46,2026-02-16,12:14:46,-32.350823,150.998,0,PWCS Kooragang,Moolarben,PN Coal,2,,,
5005,MP284,2026-02-16 12:14:46,2026-02-16,12:14:46,-32.34712,150.98844,0,Mt Pleasant,PWCS Kooragang,AZ Coal,2,,,
9319,MB904,2026-02-16 12:14:46,2026-02-16,12:14:46,-32.30549,150.98508,29,Maules Creek,NCIG Kooragang,PN Coal,2,,,
6001,4559,2026-02-16 12:14:46,2026-02-16,12:14:46,-32.173583,150.893493,37,Carrington,North West NSW,Aurizon Empty Grain,2,,,
TT202,HV277,2026-02-16 12:14:46,2026-02-16,12:14:46,-32.391457,150.998907,1,PWCS Kooragang,Hunter Valley,PN Coal,2,,,
5039,WG940,2026-02-16 12:14:46,2026-02-16,12:14:46,-32.37438,150.423653,53,Wilpinjong,NCIG Kooragang,AZ Coal,2,,,
5025,MN763,2026-02-16 12:14:46,2026-02-16,12:14:46,-32.312743,150.71976,0,Mac Generation Antiene,Mangoola,AZ Coal,2,,,
9313,BE510,2026-02-16 12:14:46,2026-02-16,12:14:46,-31.663553,150.737693,21,Boggabri East,PWCS Kooragang,PN Coal,2,,,
9303,BE529,2026-02-16 12:14:46,2026-02-16,12:14:46,-31.545313,150.694293,74,PWCS Kooragang,Boggabri East,PN Coal,2,,,
MAN007,5976,2026-02-16 12:14:46,2026-02-16,12:14:46,-31.35774,150.645373,4,North West NSW,Bomaderry,SSR Loaded Manildra Grain,2,,,
6005,NB902,2026-02-16 12:14:46,2026-02-16,12:14:46,-31.196113,150.359707,40,Narrabri,NCIG Kooragang,AZ Coal,2,,,
8230,4529,2026-02-16 12:14:46,2026-02-16,12:14:46,-31.186307,150.347027,11,Carrington,North West NSW,PN Grain,2,,,
CF4426,NB531,2026-02-16 12:14:46,2026-02-16,12:14:46,-31.745927,150.79852,25,PWCS Kooragang,Narrabri,AZ Coal,2,,,
9206,ND343,2026-02-16 12:14:46,2026-02-16,12:14:46,-32.60132,151.197373,63,PWCS Kooragang,Newdell,PN Coal,2,,,
5008,JW957,2026-02-16 12:14:46,2026-02-16,12:14:46,-32.581603,151.058867,42,NCIG Kooragang,Wambo / Jerry Plains,AZ Coal,2,,,
TT122,RC265,2026-02-16 12:14:46,2026-02-16,12:14:46,-32.500013,151.142413,1,PWCS Kooragang,Rixs Creek,PN Coal,2,,,
5021,BW381,2026-02-16 12:14:46,2026-02-16,12:14:46,-32.462403,151.109133,79,PWCS Kooragang,Mount Arthur,AZ Coal,2,,,
XRN023,RV337,2026-02-16 12:14:46,2026-02-16,12:14:46,-32.42177,151.050013,0,PWCS Kooragang,Ravensworth,ORA Coal,2,,,
GWU005,AH332,2026-02-16 12:14:46,2026-02-16,12:14:46,-32.417187,151.042867,38,Ashton,PWCS Kooragang,ORA Coal,2,,,
TT103,BG250,2026-02-16 12:14:46,2026-02-16,12:14:46,-32.504197,151.146613,20,Bengalla,PWCS Morandoo,PN Coal,2,,,
QLD7DBC12428F13E6FACD8FDFD0866122D3_T566,T566,2026-02-16 12:14:46,2026-02-16,12:14:46,-27.60828,152.909561,0,Nambour,Ipswich,NAIP,2,,,
QLD7DBC12428F13E6FACD8FDFD0866122D3_D892,D892,2026-02-16 12:14:46,2026-02-16,12:14:46,-27.49193,153.053055,0,Shorncliffe,Cleveland,SHCL,2,,,
QLD7DBC12428F13E6FACD8FDFD0866122D3_D568,D568,2026-02-16 12:14:46,2026-02-16,12:14:46,-27.473789,153.017487,0,Caboolture,Ipswich,CAIP,2,,,
QLD7DBC12428F13E6FACD8FDFD0866122D3_TEF1,TEF1,2026-02-16 12:14:46,2026-02-16,12:14:46,-27.43511,153.02977,0,Beenleigh,Ferny Grove,BNFG,2,,,
GCLR-Bombardier Flexity 2 (10),GCR1,2026-02-16 12:14:46,2026-02-16,12:14:46,-27.95293,153.347839,0,,,GCR1,2,,,
GCLR-21,GCR1,2026-02-16 12:14:46,2026-02-16,12:14:46,-27.92705,153.339096,0,,,GCR1,2,,,
GCLR-10,GCR1,2026-02-16 12:14:46,2026-02-16,12:14:46,-27.926279,153.339127,0,,,GCR1,2,,,
GCLR-Bombardier Flexity 2 (04),GCR1,2026-02-16 12:14:46,2026-02-16,12:14:46,-27.92573,153.339218,0,,,GCR1,2,,,
GCLR-Bombardier Flexity 2 (15),GCR1,2026-02-16 12:14:46,2026-02-16,12:14:46,-28.03528,153.431046,0,,,GCR1,2,,,
GCLR-14,GCR1,2026-02-16 12:14:46,2026-02-16,12:14:46,-28.035061,153.430985,0,,,GCR1,2,,,
GCLR-Bombardier Flexity 2 (05),GCR1,2026-02-16 12:14:46,2026-02-16,12:14:46,-28.00145,153.428345,0,,,GCR1,2,,,
GCLR-Bombardier Flexity 2 (14),GCR1,2026-02-16 12:14:46,2026-02-16,12:14:46,-27.99135,153.42894,0,,,GCR1,2,,,
GCLR-Bombardier Flexity 2 (21),GCR1,2026-02-16 12:14:46,2026-02-16,12:14:46,-27.970921,153.40799,0,,,GCR1,2,,,
GCLR-Bombardier Flexity 2 (18),GCR1,2026-02-16 12:14:46,2026-02-16,12:14:46,-27.968531,153.392105,0,,,GCR1,2,,,
NR44,2TA8,2026-02-16 12:14:46,2026-02-16,12:14:46,-30.84401,152.901573,65,Coffs Harbour,Adelaide Parklands Terminal,JBR Great Southern,2,,,
NR120,2BM4,2026-02-16 12:14:46,2026-02-16,12:14:46,-29.589453,152.962027,60,Acacia Ridge,MFT (South Dynon),PN Intermodal,2,,,
XP2014,NT34,2026-02-16 12:14:46,2026-02-16,12:14:46,-30.641533,152.962987,60,Casino,Central,NSW Trainlink XPT,2,,,
QL008,2BW7,2026-02-16 12:14:46,2026-02-16,12:14:46,-29.263313,152.964667,72,Acacia Ridge,Port Kembla,QUBE BlueScope Steel,2,,,
QL004,2WB7,2026-02-16 12:14:46,2026-02-16,12:14:46,-28.88994,153.04536,77,Port Kembla,Acacia Ridge,QUBE BlueScope Steel,2,,,
8217,1533,2026-02-16 12:14:46,2026-02-16,12:14:46,-31.020423,150.27336,40,Enfield Yard,Narribri West / Wee Waa,PN Containerised Cotton,2,,,
9302,MB512,2026-02-16 12:14:46,2026-02-16,12:14:46,-30.885903,150.10708,0,Maules Creek,PWCS Kooragang,PN Coal,2,,,
9310,BE521,2026-02-16 12:14:46,2026-02-16,12:14:46,-30.820413,150.059947,84,PWCS Kooragang,Boggabri East,PN Coal,2,,,
8235,4539,2026-02-16 12:14:46,2026-02-16,12:14:46,-30.657517,150.015627,63,Carrington (via Greta TSF),North West NSW,PN Grain,2,,,
8252,5430,2026-02-16 12:14:46,2026-02-16,12:14:46,-30.39567,149.812987,60,North West NSW,Carrington / Cargill Kooragang,PN Grain,2,,,
RL307,5548,2026-02-16 12:14:46,2026-02-16,12:14:46,-29.952007,148.277307,26,North West NSW,North West NSW,SSR Grain Shuttle,2,,,
TE2806,SN75,2026-02-16 12:14:46,2026-02-16,12:14:46,-34.548003,150.371973,18,Campbelltown,Moss Vale,Southern Highlands Service,2,,,
TNSW-5231-7388,C191,2026-02-16 12:14:46,2026-02-16,12:14:46,-34.481651,150.802063,0,Bondi Junction and Central,Bomaderry ,South Coast Line,2,,,
44202,D966,2026-02-16 12:14:46,2026-02-16,12:14:46,-34.47251,150.88596,17,,,QUBE Light Engine,2,,,
TE2808,SN82,2026-02-16 12:14:46,2026-02-16,12:14:46,-34.242203,150.582907,77,Goulburn,Campbelltown,Southern Highlands Service,2,,,
G513,2144,2026-02-16 12:14:46,2026-02-16,12:14:46,-34.18877,150.662973,74,Berrima Cement Works,Clyde Yard,SSR Cement,2,,,
TE2809,SN77,2026-02-16 12:14:46,2026-02-16,12:14:46,-34.178993,150.607373,88,Campbelltown,Moss Vale,Southern Highlands Service,2,,,
TNSW-8284-6760,C388,2026-02-16 12:14:46,2026-02-16,12:14:46,-34.161461,150.990356,0,Port Kembla,Central and Bondi Junction,South Coast Line,2,,,
TNSW-5737-7898,610N,2026-02-16 12:14:46,2026-02-16,12:14:46,-34.134529,150.994568,0,Waterfall,Bondi Junction via City,T4 Eastern Suburbs & Illawarra Line,2,,,
TNSW-4837-7937,610M,2026-02-16 12:14:46,2026-02-16,12:14:46,-34.130009,150.994034,0,Bondi Junction,Waterfall via City,T4 Eastern Suburbs & Illawarra Line,2,,,
T386,T161,2026-02-16 12:14:46,2026-02-16,12:14:46,-33.845053,151.028587,6,,,,2,,,
8208,1221,2026-02-16 12:14:46,2026-02-16,12:14:46,-33.84238,151.02596,12,Clyde,Crisps Creek,PN Garbage Train,2,,,
TNSW-4443-4350,68-M,2026-02-16 12:14:46,2026-02-16,12:14:46,-33.839082,151.021636,0,City Circle,Parramatta,T2 Leppington & Inner West Line,2,,,
TNSW-9265-8512,C193,2026-02-16 12:14:46,2026-02-16,12:14:46,-34.116249,150.993469,0,Bondi Junction and Central,Bomaderry ,South Coast Line,2,,,
TNSW-2371-7632,C188,2026-02-16 12:14:46,2026-02-16,12:14:46,-34.21844,150.993641,0,Kiama,Central and Bondi Junction,South Coast Line,2,,,
TNSW-3358-4137,L1EV,2026-02-16 12:14:46,2026-02-16,12:14:46,-33.864242,151.051408,0,Olympic Park,Blacktown,T7 Olympic Park Line,2,,,
TNSW-6876-4519,L2EM,2026-02-16 12:14:46,2026-02-16,12:14:46,-33.8643,151.051764,0,Olympic Park,Blacktown,T7 Olympic Park Line,2,,,
8164,9122,2026-02-16 12:14:46,2026-02-16,12:14:46,-33.863677,151.05612,10,Port Kembla,Clyde,PN Cement - RailTrain Crewed,2,,,
TNSW-4415-1234,48BX,2026-02-16 12:14:46,2026-02-16,12:14:46,-33.863633,151.063242,0,,,Out Of Service trips,2,,,
TNSW-8125-8274,L2EL,2026-02-16 12:14:46,2026-02-16,12:14:46,-33.847072,151.068053,0,Blacktown,Olympic Park,T7 Olympic Park Line,2,,,
TNSW-7098-6068,L1EW,2026-02-16 12:14:46,2026-02-16,12:14:46,-33.847314,151.068166,0,Blacktown,Olympic Park,T7 Olympic Park Line,2,,,
DS004,M676,2026-02-16 12:14:46,2026-02-16,12:14:46,-34.71894,150.839987,45,,,,2,,,
TE2807,CN90,2026-02-16 12:14:46,2026-02-16,12:14:46,-34.493203,150.791533,26,Wollongong / Kiama,Eveleigh,Sydney Trains Empty Car Transfer,2,,,
QL011,2MW7,2026-02-16 12:14:46,2026-02-16,12:14:46,-34.32445,150.915827,42,North Dynon,Port Kembla,QUBE BlueScope Steel,2,,,
CF4411,2WM7,2026-02-16 12:14:46,2026-02-16,12:14:46,-34.32251,150.915613,40,Port Kembla,North Dynon,QUBE BlueScope Steel,2,,,
LRV19,R1,2026-02-16 12:14:46,2026-02-16,12:14:46,-35.200649,149.149216,55,,,Gungahlin Place - Alinga Street,2,,,
XP2017,ST21,2026-02-16 12:14:46,2026-02-16,12:14:46,-34.706337,150.10252,105,Central,Southern Cross Station,NSW Trainlink XPT,2,,,
8218,9325,2026-02-16 12:14:46,2026-02-16,12:14:46,-34.61077,150.3218,62,Inner Harbour,Southern NSW,PN Grain,2,,,
8175,9323,2026-02-16 12:14:46,2026-02-16,12:14:46,-34.604233,148.558573,79,Inner Harbour,Southern NSW,PN Grain,2,,,
LRV18,R1,2026-02-16 12:14:46,2026-02-16,12:14:46,-35.25819,149.132507,45,,,Gungahlin Place - Alinga Street,2,,,
LRV14,R1,2026-02-16 12:14:46,2026-02-16,12:14:46,-35.193272,149.151047,46,,,Gungahlin Place - Alinga Street,2,,,
LRV5,R1,2026-02-16 12:14:46,2026-02-16,12:14:46,-35.265709,149.131256,16,,,Gungahlin Place - Alinga Street,2,,,
TNSW-2299-3899,623U,2026-02-16 12:14:46,2026-02-16,12:14:46,-33.886299,151.206088,0,Waterfall,Bondi Junction via City,T4 Eastern Suburbs & Illawarra Line,2,,,
TNSW-3613-3317,14-M,2026-02-16 12:14:46,2026-02-16,12:14:46,-33.885515,151.205933,0,Macarthur,City Circle via Airport,T8 Airport & South Line,2,,,
TNSW-1611-2368,86-J,2026-02-16 12:14:46,2026-02-16,12:14:46,-33.885484,151.205896,0,Leppington,City Circle via Sydenham,T8 Airport & South Line,2,,,
TNSW-7177-9821,12-R,2026-02-16 12:14:46,2026-02-16,12:14:46,-33.885307,151.206149,0,Leppington,City Circle via Sydenham,T8 Airport & South Line,2,,,
TNSW-7803-7130,162N,2026-02-16 12:14:46,2026-02-16,12:14:46,-33.885262,151.205109,0,Emu Plains,Berowra via City ,T1 Western Line,2,,,
TNSW-8174-9492,623T,2026-02-16 12:14:46,2026-02-16,12:14:46,-33.88448,151.20756,0,Bondi Junction,Waterfall via City,T4 Eastern Suburbs & Illawarra Line,2,,,
TNSW-9887-3381,601M,2026-02-16 12:14:46,2026-02-16,12:14:46,-33.89108,151.2483,0,Bondi Junction,Waterfall via City,T4 Eastern Suburbs & Illawarra Line,2,,,
TNSW-7382-1960,607J,2026-02-16 12:14:46,2026-02-16,12:14:46,-33.891076,151.247359,0,Cronulla,Bondi Junction via City,T4 Eastern Suburbs & Illawarra Line,2,,,
TNSW-3623-1619,601L,2026-02-16 13:44:57,2026-02-16,13:44:57,-33.89084,151.247424,0,Waterfall,Bondi Junction via City,T4 Eastern Suburbs & Illawarra Line,5,,,
TNSW-7278-2865,78-V,2026-02-16 12:14:46,2026-02-16,12:14:46,-33.887682,151.202654,0,Parramatta,City Circle ,T2 Leppington & Inner West Line,2,,,
XP2004,WT28,2026-02-16 12:14:46,2026-02-16,12:14:46,-33.887597,151.202213,31,Dubbo,Central,NSW Trainlink XPT,2,,,
X11-X18,L2,2026-02-16 12:14:46,2026-02-16,12:14:46,-33.91684,151.23877,22,,,Randwick Line,2,,,
TNSW-5618-6343,N731,2026-02-16 13:44:57,2026-02-16,13:44:57,-33.88376,151.20615,0,Central,Newcastle Interchange via Strathfield,Central Coast & Newcastle Line,5,,,
1290,L1,2026-02-16 13:44:57,2026-02-16,13:44:57,-33.882259,151.207718,28,,,Dulwich Hill Line,5,,,
TNSW-3282-6248,132S,2026-02-16 12:14:46,2026-02-16,12:14:46,-33.695012,151.101297,0,City,Hornsby and Berowra via Gordon,T1 North Shore Line,2,,,
TNSW-8075-1177,130U,2026-02-16 12:14:46,2026-02-16,12:14:46,-33.65347,151.13679,0,North Shore,Hornsby and Berowra via City and Strathfield,T9 Northern Line,2,,,
TNSW-1660-4176,845S,2026-02-16 12:14:46,2026-02-16,12:14:46,-33.883591,151.206039,0,Berowra and Hornsby,North Shore via Strathfield and City,T9 Northern Line,2,,,
TNSW-8435-7586,137Y,2026-02-16 12:14:46,2026-02-16,12:14:46,-33.706619,151.097412,0,North Shore,Hornsby and Berowra via City and Strathfield,T9 Northern Line,2,,,
TNSW-1157-8060,130V,2026-02-16 12:14:46,2026-02-16,12:14:46,-33.7032,151.0984,0,Berowra and Hornsby,North Shore via Strathfield and City,T9 Northern Line,2,,,
TNSW-9320-9471,142T,2026-02-16 12:14:46,2026-02-16,12:14:46,-33.88345,151.205887,0,Emu Plains,Berowra via City ,T1 Western Line,2,,,
TNSW-6453-7064,842U,2026-02-16 12:14:46,2026-02-16,12:14:46,-33.88358,151.20585,0,North Shore,Hornsby and Berowra via City and Strathfield,T9 Northern Line,2,,,
JP2537-1,36,2026-02-16 12:14:46,2026-02-16,12:14:46,-42.35014,147.404621,0,brighton,burnie,Tasrail Intermodal,2,,,
JP2542-1,33,2026-02-16 12:14:46,2026-02-16,12:14:46,-41.828054,147.432356,0,bell-bay,brighton,Tasrail Mixed Freight,2,,,
QL001,3868,2026-02-16 12:14:46,2026-02-16,12:14:46,-33.829377,147.74408,39,Southern NSW,Western NSW,QUBE Grain,2,,,
8171,3926,2026-02-16 12:14:46,2026-02-16,12:14:46,-34.275693,147.92476,35,Southern NSW,Inner Harbour,PN Grain,2,,,
8220,3934,2026-02-16 12:14:46,2026-02-16,12:14:46,-34.555727,148.100173,54,Southern NSW,Inner Harbour,PN Grain,2,,,
VL352,2343,2026-02-16 12:14:46,2026-02-16,12:14:46,-34.643453,148.02804,0,Allied Pinnacle Maldon,Southern NSW,SSR Grain,2,,,
NR1,2MC2,2026-02-16 12:14:46,2026-02-16,12:14:46,-34.87093,147.583693,0,Appleton Dock,Griffith,PN Containerised Freight,2,,,
MM-9961M,PKM,2026-02-16 12:14:46,2026-02-16,12:14:46,-38.077389,145.46991,0,,,Pakenham Line,2,,,
MM-9967M,PKM,2026-02-16 12:14:46,2026-02-16,12:14:46,-38.084373,145.506683,0,,,Pakenham Line,2,,,
NR82,2MB4,2026-02-16 12:14:46,2026-02-16,12:14:46,-36.411633,146.257293,106,MFT (South Dynon),Acacia Ridge,PN Intermodal,2,,,
VLINE-8451,8451,2026-02-16 12:14:46,2026-02-16,12:14:46,-38.19915,146.536957,0,,,"Traralgon - Melbourne Via Pakenham, Moe & Morwell",2,,,
VLINE-8453,8453,2026-02-16 12:14:46,2026-02-16,12:14:46,-38.178761,146.269241,0,,,"Traralgon - Melbourne Via Pakenham, Moe & Morwell",2,,,
MM-64M,LIL,2026-02-16 13:44:57,2026-02-16,13:44:57,-37.814209,145.233048,0,,,Lilydale Line,5,,,
MM-9904M,CBE,2026-02-16 12:14:46,2026-02-16,12:14:46,-38.097942,145.278091,0,,,Cranbourne Line,2,,,
MM-9912M,CBE,2026-02-16 12:14:46,2026-02-16,12:14:46,-38.100006,145.281265,0,,,Cranbourne Line,2,,,
MM-868M,LIL,2026-02-16 12:14:46,2026-02-16,12:14:46,-37.757126,145.345825,0,,,Lilydale Line,2,,,
MM-9955M,PKM,2026-02-16 12:14:46,2026-02-16,12:14:46,-38.060658,145.382278,0,,,Pakenham Line,2,,,
VLINE-8455,8455,2026-02-16 12:14:46,2026-02-16,12:14:46,-38.072182,145.442596,112,,,"Traralgon - Melbourne Via Pakenham, Moe & Morwell",2,,,
VLINE-8457,8457,2026-02-16 12:14:46,2026-02-16,12:14:46,-37.81929,144.963486,25,,,"Traralgon - Melbourne Via Pakenham, Moe & Morwell",2,,,
MM-9950M,PKM,2026-02-16 12:14:46,2026-02-16,12:14:46,-37.817406,144.967545,0,,,Pakenham Line,2,,,
MM-668M,FKN,2026-02-16 12:14:46,2026-02-16,12:14:46,-37.856483,145.019318,0,,,Frankston Line,2,,,
MM-206M,ALM,2026-02-16 12:14:46,2026-02-16,12:14:46,-37.825054,145.054047,0,,,Alamein Line,2,,,
MM-966M,HBE,2026-02-16 12:14:46,2026-02-16,12:14:46,-37.788185,144.995453,0,,,Hurstbridge Line,2,,,
VLINE-8161,8161,2026-02-19 05:01:54,2026-02-19,05:01:54,-37.539711,143.819748,11,,,Ballarat - Melbourne Via Melton,766,08a6e392-c351-4145-8ddd-ba15e55c28ef,,VLINE-8161
3VL59,8454,2026-02-16 12:14:46,2026-02-16,12:14:46,-37.815553,144.94984,13,Traralgon,Southern Cross,Gippsland Line Service,2,,,
VLINE-8454,8454,2026-02-16 12:14:46,2026-02-16,12:14:46,-37.815552,144.949844,13,,,"Traralgon - Melbourne Via Pakenham, Moe & Morwell",2,,,
3VL07,8457,2026-02-16 12:14:46,2026-02-16,12:14:46,-37.814513,144.947693,1,Southern Cross,Traralgon,Gippsland Line Service,2,,,
VLINE-8158,8158,2026-02-16 12:14:46,2026-02-16,12:14:46,-37.811569,144.945953,5,,,Ballarat - Melbourne Via Melton,2,,,
MM-764M,UFD,2026-02-16 12:14:46,2026-02-16,12:14:46,-37.806572,144.941742,0,,,Upfield Line,2,,,
3VL37,8158,2026-02-16 12:14:46,2026-02-16,12:14:46,-37.81246,144.947053,22,Wendouree,Southern Cross,Western Line Service,2,,,
3VS97,8631,2026-02-16 12:14:46,2026-02-16,12:14:46,-37.804963,144.929587,6,Southern Cross Station,South Dynon,Empty Car Provisioning,2,,,
MM-9922M,CBE,2026-02-16 14:00:06,2026-02-16,14:00:06,-38.099689,145.280762,0,,,Cranbourne Line,4,8a12cdda-ab2e-43ce-baad-e3f00fe7fa9c,20cc1e8d-3c1c-4efd-9cdd-1346c485fec9,MM-9922M
3VL91,8056,2026-02-16 12:14:46,2026-02-16,12:14:46,-37.801673,144.901973,34,Bendigo (M-Sa),Southern Cross,Northern Line Service,2,,,
A70,9093,2026-02-16 12:14:46,2026-02-16,12:14:46,-37.801663,144.885467,17,Tottenham Yard,Piangil Line / Deniliquin Line,SSR BG Grain,2,,,
VLINE-8056,8056,2026-02-16 12:14:46,2026-02-16,12:14:46,-37.801239,144.902832,27,,,Bendigo - Melbourne Via Sunbury,2,,,
G526,0513,2026-02-16 12:14:46,2026-02-16,12:14:46,-37.800717,144.919747,8,,,QUBE Light Engine Movement,2,,,
3VL105,8059,2026-02-16 12:14:46,2026-02-16,12:14:46,-37.793487,144.837227,80,Southern Cross,Bendigo,Northern Line Service,2,,,
VLINE-8338,8338,2026-02-16 12:14:46,2026-02-16,12:14:46,-37.747742,144.920166,51,,,Seymour - Melbourne Via Broadmeadows,2,,,
G543,9359,2026-02-16 12:14:46,2026-02-16,12:14:46,-37.684887,144.91816,23,North Geelong Yard,Tocumwal,PN Empty BG Grain,2,,,
MM-9954M,SUY,2026-02-16 12:14:46,2026-02-16,12:14:46,-37.578999,144.728104,0,,,Sunbury Line,2,,,
VLINE-8160,8160,2026-02-16 12:14:46,2026-02-16,12:14:46,-37.71484,144.550003,70,,,Ballarat - Melbourne Via Melton,2,,,
VLINE-8057,8057,2026-02-16 12:14:46,2026-02-16,12:14:46,-37.39352,144.554062,93,,,Bendigo - Melbourne Via Sunbury,2,,,
3VL45,8338,2026-02-16 12:14:46,2026-02-16,12:14:46,-37.69512,144.915867,62,Seymour Station,Southern Cross Station,North East Line BG Service,2,,,
MM-858M,MDD,2026-02-16 12:14:46,2026-02-16,12:14:46,-37.603729,145.100647,0,,,Mernda Line,2,,,
VLINE-8339,8339,2026-02-16 12:14:46,2026-02-16,12:14:46,-37.02446,145.13826,16,,,Seymour - Melbourne Via Broadmeadows,2,,,
8132,2MC5,2026-02-16 12:14:46,2026-02-16,12:14:46,-36.944833,145.173373,81,Gheringhap Loop,Southern NSW,PN Grain,2,,,
MM-740M,CGB,2026-02-16 12:14:46,2026-02-16,12:14:46,-37.804543,144.93895,0,,,Craigieburn Line,2,,,
VLINE-8059,8059,2026-02-16 12:14:46,2026-02-16,12:14:46,-37.793449,144.837235,0,,,Bendigo - Melbourne Via Sunbury,2,,,
MM-784M,CGB,2026-02-16 12:14:46,2026-02-16,12:14:46,-37.743855,144.927017,0,,,Craigieburn Line,2,,,
VLINE-8159,8159,2026-02-16 12:14:46,2026-02-16,12:14:46,-37.696999,144.393738,0,,,Ballarat - Melbourne Via Melton,2,,,
VLINE-8089,8089,2026-02-16 12:14:46,2026-02-16,12:14:46,-35.660721,143.83136,89,,,Swan Hill - Melbourne Via Bendigo,2,,,
VLINE-8162,8162,2026-02-16 12:14:46,2026-02-16,12:14:46,-37.5952,144.015656,0,,,Ballarat - Melbourne Via Melton,2,,,
VLINE-8157,8157,2026-02-16 12:14:46,2026-02-16,12:14:46,-37.596699,144.028626,30,,,Ballarat - Melbourne Via Melton,2,,,
VLINE-8053,8053,2026-02-16 12:14:46,2026-02-16,12:14:46,-36.718681,144.248673,0,,,Bendigo - Melbourne Via Sunbury,2,,,
VLINE-8055,8055,2026-02-16 12:14:46,2026-02-16,12:14:46,-36.905159,144.224976,108,,,Bendigo - Melbourne Via Sunbury,2,,,
MM-800M,FKN,2026-02-16 12:14:46,2026-02-16,12:14:46,-38.143192,145.125763,0,,,Frankston Line,2,,,
CSR015,2MP9,2026-02-16 12:14:46,2026-02-16,12:14:46,-38.100467,143.986267,68,"SCT, Laverton","SCT, Forrestfield",SCT Intermodal,2,,,
NR118,2MP5,2026-02-16 12:14:46,2026-02-16,12:14:46,-38.075087,144.235387,11,MFT (South Dynon),Kewdale,PN Intermodal,2,,,
MM-9969M,PKM,2026-02-16 12:14:46,2026-02-16,12:14:46,-37.864086,145.027069,0,,,Pakenham Line,2,,,
MM-920M,GWY,2026-02-16 12:14:46,2026-02-16,12:14:46,-37.876591,145.068588,0,,,Glen Waverley Line,2,,,
VLINE-8869,8869,2026-02-16 12:14:46,2026-02-16,12:14:46,-38.3909,142.490433,77,,,Warrnambool - Melbourne Via Geelong & Colac,2,,,
VLINE-8456,8456,2026-02-16 12:14:46,2026-02-16,12:14:46,-37.898048,145.084702,49,,,"Traralgon - Melbourne Via Pakenham, Moe & Morwell",2,,,
GL104,2274,2026-02-16 12:14:46,2026-02-16,12:14:46,-34.509453,150.336813,1,Marulan South Quarry,Berrima Cement Works,SSR Limestone,2,,,
X31,2243,2026-02-16 12:14:46,2026-02-16,12:14:46,-34.193147,150.6354,1,Maldon Cement Works,Berrima Cement Works,SSR Cement Clinker,2,,,
QL014,8962,2026-02-16 12:14:46,2026-02-16,12:14:46,-34.44313,150.889253,1,Western NSW,Inner Harbour,QUBE Grain,2,,,
TNSW-9739-1233,C391,2026-02-16 12:14:46,2026-02-16,12:14:46,-34.31803,150.91895,0,Bondi Junction and Central,Port Kembla,South Coast Line,2,,,
TNSW-5457-3234,C190,2026-02-16 12:14:46,2026-02-16,12:14:46,-34.606659,150.83989,0,Kiama,Central and Bondi Junction,South Coast Line,2,,,
CSR007,4172,2026-02-16 12:14:46,2026-02-16,12:14:46,-34.23168,138.29308,82,Port Germein,SCT Penfield,SCT Shuttle,2,,,
6029,2KA2,2026-02-16 12:14:46,2026-02-16,12:14:46,-34.929703,138.579787,36,Western Victoria,"Viterra, Pelican Point",Aurizon Loaded  Grain,2,,,
NR25,2AS8,2026-02-16 12:14:46,2026-02-16,12:14:46,-34.933717,138.580707,10,Adelaide Parklands Terminal,Central Station,JBR Indian Pacifc,2,,,
NR27,2ASUT,2026-02-16 12:14:46,2026-02-16,12:14:46,-34.93274,138.580973,13,,,,2,,,
CSR009,6PM9,2026-02-16 12:14:46,2026-02-16,12:14:46,-34.694467,138.590573,0,"SCT, Forrestfield","SCT, Laverton",SCT Intermodal,2,,,
SCT014,1MP9,2026-02-16 12:14:46,2026-02-16,12:14:46,-34.69482,138.59072,0,"SCT, Laverton","SCT, Forrestfield",SCT Intermodal,2,,,
CSR014,1MP9,2026-02-16 12:14:46,2026-02-16,12:14:46,-34.601313,138.52336,61,"SCT, Laverton","SCT, Forrestfield",SCT Intermodal,2,,,
XP2007,ST22,2026-02-16 12:14:46,2026-02-16,12:14:46,-36.10118,146.681493,126,Melbourne Southern Cross,Central,NSW Trainlink XPT,2,,,
NR7,2CM3,2026-02-16 12:14:46,2026-02-16,12:14:46,-35.705703,147.03016,104,Griffith,Appleton Dock,PN Containerised Freight,2,,,
SCT013,1BM9,2026-02-16 12:14:46,2026-02-16,12:14:46,-35.184843,147.25684,100,"SCT, Bromelton","SCT, Laverton",SCT Intermodal,2,,,
CEY007,1285,2026-02-16 12:14:46,2026-02-16,12:14:46,-34.751183,150.020547,15,"Boral, Enfield",Peppertree Quarry,SSR Empty Aggregates,2,,,
TNSW-4122-4249,7--Y,2026-02-16 12:14:46,2026-02-16,12:14:46,-33.9519,150.787186,0,City Circle,Macarthur via Airport,T8 Airport & South Line,2,,,
ACD6058,2MB9,2026-02-16 12:14:46,2026-02-16,12:14:46,-36.084103,146.716987,0,"SCT, Laverton","SCT, Bromelton",SCT Intermodal,2,,,
VLINE-8058,8058,2026-02-16 12:14:46,2026-02-16,12:14:46,-36.865391,144.23053,76,,,Bendigo - Melbourne Via Sunbury,2,,,
ACD6051,6PM1,2026-02-16 12:14:46,2026-02-16,12:14:46,-36.80345,142.586133,107,"Aurizon, Forrestfield",North Dynon,Aurizon Intermodal,2,,,
9409,2MA5,2026-02-16 12:14:46,2026-02-16,12:14:46,-36.42066,142.0022,0,MFT (South Dynon),AFT (Islington),PN Intermodal,2,,,
NR105,6PM6,2026-02-16 12:14:46,2026-02-16,12:14:46,-36.419917,142.000413,30,Kewdale,MFT (South Dynon),PN Intermodal,2,,,
XRN005,UL206,2026-02-16 12:14:46,2026-02-16,12:14:46,-32.373963,150.689187,53,Ulan,PWCS Kooragang,ORA Coal,2,,,
XRN025,MN280,2026-02-16 12:14:46,2026-02-16,12:14:46,-32.28184,150.93752,19,Mangoola,PWCS Kooragang,ORA Coal,2,,,
TT114,MR299,2026-02-16 12:14:46,2026-02-16,12:14:46,-32.274477,150.85664,59,PWCS Kooragang,Moolarben,PN Coal,2,,,
CF4424,MB906,2026-02-16 12:14:46,2026-02-16,12:14:46,-32.063637,150.8704,45,Maules Creek,NCIG Kooragang,AZ Coal,2,,,
QL018,5112,2026-02-16 12:14:46,2026-02-16,12:14:46,-31.79428,150.90556,74,Narrabri West,Port Botany / IMEX Rail Terminal Moorebank,QUBE Containerised Freight,2,,,
NLR2154,NLR,2026-02-16 12:14:46,2026-02-16,12:14:46,-32.927059,151.771072,0,,,Newcastle Interchange - Newcastle Beach Line Service,2,,,
NLR2156,NLR,2026-02-16 12:14:46,2026-02-16,12:14:46,-32.926399,151.777298,0,,,Newcastle Interchange - Newcastle Beach Line Service,2,,,
TT115,RC198,2026-02-16 12:14:46,2026-02-16,12:14:46,-32.874007,151.769227,1,Rixs Creek,PWCS Kooragang,PN Coal,2,,,
CF4434,5192,2026-02-16 12:14:46,2026-02-16,12:14:46,-32.658963,151.288293,44,Narrabri,Enfield Intermodal Logistics Centre,SRS Containerised Freight,2,,,
QL010,9863,2026-02-16 12:14:46,2026-02-16,12:14:46,-32.257787,148.401613,31,Inner Harbour,Western NSW,QUBE Empty Grain,2,,,
4917,8877,2026-02-16 12:14:46,2026-02-16,12:14:46,-33.174563,148.56288,66,Kelso,Manildra / Western NSW,SSR Freight Shuttle,2,,,
JHRTST,JHRTST,2026-02-16 12:14:46,2026-02-16,12:14:46,-33.837933,148.697333,24,,,John Holland Coms Center Cowra,2,,,
XRN011,UL267,2026-02-16 12:14:46,2026-02-16,12:14:46,-32.27139,149.772347,1,PWCS Kooragang,Ulan,ORA Coal,2,,,
C506,8178,2026-02-16 14:00:06,2026-02-16,14:00:06,-33.480333,150.158013,3,"Grainforce Siding, Kelso",Port Botany,SSR Containerised Freight,4,edbed39e-f4b9-4fd9-bc6a-a7e7d04a9e4b,9a504e6c-445d-4c1e-aba6-98bb47bf5ac4,C506
TNSW-8324-2907,160H,2026-02-16 12:14:46,2026-02-16,12:14:46,-33.744736,150.676805,0,City,Emu Plains,T1 Western Line,2,,,
LE2853,WN78,2026-02-16 12:14:46,2026-02-16,12:14:46,-33.467997,150.03692,90,Bathurst,Lithgow,Bathurst Bullet - Transfer,2,,,
TNSW-7681-6501,165J,2026-02-16 13:44:57,2026-02-16,13:44:57,-33.83831,151.019745,0,Richmond,Leppington,T5 Cumberland Line,5,,,
TNSW-3096-4512,68-N,2026-02-16 12:14:46,2026-02-16,12:14:46,-33.83831,151.019745,0,,,Out Of Service trips,2,,,
TNSW-3381-4550,20-N,2026-02-16 12:14:46,2026-02-16,12:14:46,-33.830578,150.999951,0,Leppington,City Circle via Granville,T2 Leppington & Inner West Line,2,,,
TNSW-6366-2088,107S,2026-02-16 12:14:46,2026-02-16,12:14:46,-33.765999,150.906464,0,Richmond,Leppington,T5 Cumberland Line,2,,,
TNSW-6297-2222,572W,2026-02-16 13:44:57,2026-02-16,13:44:57,-33.710258,150.875473,0,Leppington,Richmond,T5 Cumberland Line,5,,,
TNSW-9213-8297,172X,2026-02-16 12:14:46,2026-02-16,12:14:46,-33.70466,150.87394,0,Richmond,Leppington,T5 Cumberland Line,2,,,
NR102,1PS6,2026-02-16 12:14:46,2026-02-16,12:14:46,-32.423817,137.759907,59,Kewdale,SFT (Chullora),PN Intermodal,2,,,
GWA010,4176,2026-02-16 12:14:46,2026-02-16,12:14:46,-33.91728,138.229947,79,Snowtown,"Viterra, Pelican Point",Aurizon Loaded Grain,2,,,
NR75,2NY3,2026-02-16 12:14:46,2026-02-16,12:14:46,-33.46751,148.036707,74,Morandoo,Whyalla,PN Infrabuild Steel,2,,,
ACD6049,7PS1,2026-02-16 12:14:46,2026-02-16,12:14:46,-33.322893,148.0554,0,"Aurizon, Forrestfield",Glenlee,Aurizon Intermodal,2,,,
6022,7SP1,2026-02-16 12:14:46,2026-02-16,12:14:46,-30.977137,122.6476,57,Glenlee,Kwinana,Aurizon Intermodal,2,,,
ACD6056,7MP1,2026-02-16 12:14:46,2026-02-16,12:14:46,-31.01152,124.559173,103,North Dynon,"Aurizon, Forrestfield",Aurizon Intermodal,2,,,
ACD6069,1PM1,2026-02-16 12:14:46,2026-02-16,12:14:46,-31.003043,126.141867,95,"Aurizon, Forrestfield",North Dynon,Aurizon Intermodal,2,,,
NR37,1PM5,2026-02-16 12:14:46,2026-02-16,12:14:46,-30.459533,131.831627,78,Kewdale,MFT (South Dynon),PN Intermodal,2,,,
NR40,8M41,2026-02-16 12:14:46,2026-02-16,12:14:46,-30.686147,134.236,75,,,Maintenance Train,2,,,
NR83,1MP2,2026-02-16 12:14:46,2026-02-16,12:14:46,-31.22097,136.45128,78,MFT (South Dynon),Kewdale,PN Infrabuild Steel & Intermodal,2,,,
CF4428,1PM9,2026-02-16 12:14:46,2026-02-16,12:14:46,-30.952097,126.956293,91,"SCT, Forrestfield","SCT, Laverton",SCT Intermodal,2,,,
CSR016,7GP1,2026-02-16 12:14:46,2026-02-16,12:14:46,-30.920923,122.123,80,"SCT, Parkes","SCT, Forrestfield",SCT Intermodal,2,,,
NR77,2PM6,2026-02-16 12:14:46,2026-02-16,12:14:46,-31.98582,115.974747,12,Kewdale,MFT (South Dynon),PN Intermodal,2,,,
NR68,2PS7,2026-02-16 12:14:46,2026-02-16,12:14:46,-31.979733,115.98456,11,Kewdale,SFT (Chullora),PN Intermodal,2,,,
NR66,2PM5,2026-02-16 12:14:46,2026-02-16,12:14:46,-31.627327,117.006427,89,Kewdale,MFT (South Dynon),PN Intermodal,2,,,
ACD6048,2PS1,2026-02-16 12:14:46,2026-02-16,12:14:46,-31.346543,119.0216,92,Kwinana,Glenlee,Aurizon Intermodal,2,,,
Q4014,7461,2026-02-16 12:14:46,2026-02-16,12:14:46,-32.913296,121.613403,44,West Kalgoorlie,Malcolm,Gold Valley Iron Ore,2,,,
NR115,7SP5,2026-02-16 12:14:46,2026-02-16,12:14:46,-31.434583,118.370893,100,SFT (Chullora),Kewdale,PN Intermodal,2,,,
3209,UNREG,2026-02-16 12:14:46,2026-02-16,12:14:46,-32.81985,151.67936,13,,,,2,,,
TE2813,UNREG,2026-02-16 12:14:46,2026-02-16,12:14:46,-32.92726,151.72652,4,,,,2,,,
1104,UNREG,2026-02-16 13:44:57,2026-02-16,13:44:57,-32.92568,151.730667,5,,,,5,,,
A4GTST,UNREG,2026-02-16 12:14:46,2026-02-16,12:14:46,-24.990292,152.77064,19,,,,2,,,
XRN014,UNREG,2026-02-16 12:14:46,2026-02-16,12:14:46,-32.869513,151.75768,1,,,,2,,,
NR2,UNREG,2026-02-16 12:14:46,2026-02-16,12:14:46,-29.589463,152.962147,61,,,,2,,,
NR30,UNREG,2026-02-16 12:14:46,2026-02-16,12:14:46,-30.840033,152.903853,68,,,,2,,,
NR93,UNREG,2026-02-16 12:14:46,2026-02-16,12:14:46,-29.589847,152.955973,63,,,,2,,,
6027,UNREG,2026-02-16 12:14:46,2026-02-16,12:14:46,-31.748343,150.799587,25,,,,2,,,
1108,UNREG,2026-02-16 12:14:46,2026-02-16,12:14:46,-34.47261,150.886453,17,,,,2,,,
M31,UNREG,2026-02-16 12:14:46,2026-02-16,12:14:46,-33.804853,150.967013,14,,,,2,,,
8224,UNREG,2026-02-16 12:14:46,2026-02-16,12:14:46,-33.842813,151.026333,13,,,,2,,,
4904,UNREG,2026-02-16 12:14:46,2026-02-16,12:14:46,-33.845117,151.02868,9,,,,2,,,
6012,UNREG,2026-02-16 12:14:46,2026-02-16,12:14:46,-31.195307,150.358693,40,,,,2,,,
8103,UNREG,2026-02-16 12:14:46,2026-02-16,12:14:46,-33.864757,151.057,11,,,,2,,,
XP2013,UNREG,2026-02-16 12:14:46,2026-02-16,12:14:46,-33.916927,151.162067,1,,,,2,,,
EA2504,UNREG,2026-02-16 12:14:46,2026-02-16,12:14:46,-33.895377,151.192907,1,,,,2,,,
XP2015,UNREG,2026-02-16 13:44:57,2026-02-16,13:44:57,-33.88388,151.205173,2,,,,5,,,
CF4402,UNREG,2026-02-16 12:14:46,2026-02-16,12:14:46,-33.964383,151.219173,14,,,,2,,,
CF4422,UNREG,2026-02-16 12:14:46,2026-02-16,12:14:46,-32.257767,148.400973,31,,,,2,,,
5040,UNREG,2026-02-16 12:14:46,2026-02-16,12:14:46,-32.467,151.120347,78,,,,2,,,
Q4005,UNREG,2026-02-16 12:14:46,2026-02-16,12:14:46,-30.775774,121.425774,0,,,,2,,,
Q4003,UNREG,2026-02-16 12:14:46,2026-02-16,12:14:46,-30.772486,121.431435,0,,,,2,,,
AC4305,UNREG,2026-02-16 12:14:46,2026-02-16,12:14:46,-30.772339,121.431778,0,,,,2,,,
ACD6071,UNREG,2026-02-16 12:14:46,2026-02-16,12:14:46,-19.081818,133.73464,104,,,,2,,,
AC4301,UNREG,2026-02-16 12:14:46,2026-02-16,12:14:46,-30.775974,121.425423,0,,,,2,,,
NR72,UNREG,2026-02-16 12:14:46,2026-02-16,12:14:46,-30.684793,134.22848,75,,,,2,,,
ACN4172,UNREG,2026-02-16 12:14:46,2026-02-16,12:14:46,-29.186359,116.744164,0,,,,2,,,
ACN4175,UNREG,2026-02-16 12:14:46,2026-02-16,12:14:46,-29.186304,116.744385,0,,,,2,,,
ACN4141,UNREG,2026-02-16 12:14:46,2026-02-16,12:14:46,-29.188534,116.753487,0,,,,2,,,
NR85,UNREG,2026-02-16 12:14:46,2026-02-16,12:14:46,-30.8367,119.6652,16,,,,2,,,
aurizon.9066,UNREG,2026-02-16 12:14:46,2026-02-16,12:14:46,-30.886101,120.93367,77,,,,2,,,
Q4013,UNREG,2026-02-16 12:14:46,2026-02-16,12:14:46,-30.886068,120.93409,77,,,,2,,,
Q4011,UNREG,2026-02-16 12:14:46,2026-02-16,12:14:46,-29.651974,121.080544,53,,,,2,,,
Q4004,UNREG,2026-02-16 12:14:46,2026-02-16,12:14:46,-29.652246,121.080246,53,,,,2,,,
S3309,UNREG,2026-02-16 12:14:46,2026-02-16,12:14:46,-33.235439,116.071136,0,,,,2,,,
S3310,UNREG,2026-02-16 12:14:46,2026-02-16,12:14:46,-33.35743,116.14756,0,,,,2,,,
AC4302,UNREG,2026-02-16 12:14:46,2026-02-16,12:14:46,-32.903305,121.608788,44,,,,2,,,
Q4007,UNREG,2026-02-16 12:14:46,2026-02-16,12:14:46,-32.90366,121.60894,44,,,,2,,,
AC4303,UNREG,2026-02-16 12:14:46,2026-02-16,12:14:46,-32.913624,121.613564,44,,,,2,,,
ACN4173,UNREG,2026-02-16 12:14:46,2026-02-16,12:14:46,-33.254631,116.069664,28,,,,2,,,
ACB4405,UNREG,2026-02-16 13:44:57,2026-02-16,13:44:57,-31.951957,115.99072,4,,,,5,,,
Q4001,UNREG,2026-02-16 12:14:46,2026-02-16,12:14:46,-31.948906,115.99086,0,,,,2,,,
LZ3120,UNREG,2026-02-16 12:14:46,2026-02-16,12:14:46,-31.947843,115.991387,6,,,,2,,,
ACC6032,UNREG,2026-02-16 12:14:46,2026-02-16,12:14:46,-31.896837,116.020213,46,,,,2,,,
P2511,UNREG,2026-02-16 12:14:46,2026-02-16,12:14:46,-31.079887,116.047943,39,,,,2,,,
P2516,UNREG,2026-02-16 12:14:46,2026-02-16,12:14:46,-31.079515,116.047943,39,,,,2,,,
P2506,UNREG,2026-02-16 12:14:46,2026-02-16,12:14:46,-33.292297,116.010986,18,,,,2,,,
P2509,UNREG,2026-02-16 12:14:46,2026-02-16,12:14:46,-33.32003,115.669861,0,,,,2,,,
S3304,UNREG,2026-02-16 12:14:46,2026-02-16,12:14:46,-33.326645,115.781006,36,,,,2,,,
Q4009,UNREG,2026-02-16 12:14:46,2026-02-16,12:14:46,-32.230717,115.784721,0,,,,2,,,
P2508,UNREG,2026-02-16 12:14:46,2026-02-16,12:14:46,-32.960247,115.899643,73,,,,2,,,
S3306,UNREG,2026-02-16 12:14:46,2026-02-16,12:14:46,-32.54126,115.94072,69,,,,2,,,
P2513,UNREG,2026-02-16 12:14:46,2026-02-16,12:14:46,-33.330204,115.694267,34,,,,2,,,
ACN4142,UNREG,2026-02-16 12:14:46,2026-02-16,12:14:46,-28.773699,114.777329,10,,,,2,,,
ACN4170,UNREG,2026-02-16 12:14:46,2026-02-16,12:14:46,-28.773615,114.777527,10,,,,2,,,
ACN4151,UNREG,2026-02-16 12:14:46,2026-02-16,12:14:46,-28.767811,114.788948,11,,,,2,,,
P2515,UNREG,2026-02-16 12:14:46,2026-02-16,12:14:46,-29.085709,114.888832,67,,,,2,,,
P2503,UNREG,2026-02-16 12:14:46,2026-02-16,12:14:46,-29.085691,114.88884,67,,,,2,,,
ACN4152,UNREG,2026-02-16 12:14:46,2026-02-16,12:14:46,-28.799692,114.634293,19,,,,2,,,
ACN4147,UNREG,2026-02-16 12:14:46,2026-02-16,12:14:46,-28.800186,114.645355,20,,,,2,,,
ACN4169,UNREG,2026-02-16 12:14:46,2026-02-16,12:14:46,-28.822277,114.698837,27,,,,2,,,
P2505,UNREG,2026-02-16 12:14:46,2026-02-16,12:14:46,-28.822569,114.699097,27,,,,2,,,
ACN4168,UNREG,2026-02-16 12:14:46,2026-02-16,12:14:46,-28.813103,114.719383,0,,,,2,,,
ACN4149,UNREG,2026-02-16 12:14:46,2026-02-16,12:14:46,-28.718267,115.709167,57,,,,2,,,
ACN4174,UNREG,2026-02-16 12:14:46,2026-02-16,12:14:46,-28.717955,115.708923,57,,,,2,,,
ACN4148,UNREG,2026-02-16 12:14:46,2026-02-16,12:14:46,-28.710468,115.703064,58,,,,2,,,
QE002,UNREG,2026-02-16 12:14:46,2026-02-16,12:14:46,-33.829347,147.74408,39,,,,2,,,
QE006,UNREG,2026-02-16 12:14:46,2026-02-16,12:14:46,-33.59723,150.263813,52,,,,2,,,
S312,UNREG,2026-02-16 12:14:46,2026-02-16,12:14:46,-33.17503,148.560827,67,,,,2,,,
C510,UNREG,2026-02-16 12:14:46,2026-02-16,12:14:46,-33.142787,148.17748,7,,,,2,,,
G515,UNREG,2026-02-16 12:14:46,2026-02-16,12:14:46,-37.80074,144.919907,8,,,,2,,,
9407,UNREG,2026-02-16 12:14:46,2026-02-16,12:14:46,-36.42089,142.002707,5,,,,2,,,
CF4410,UNREG,2026-02-16 12:14:46,2026-02-16,12:14:46,-34.75122,150.02044,14,,,,2,,,
XP2012,UNREG,2026-02-16 12:14:46,2026-02-16,12:14:46,-34.70188,150.10892,104,,,,2,,,
LE2855,UNREG,2026-02-16 12:14:46,2026-02-16,12:14:46,-34.545043,150.372853,10,,,,2,,,
H3,UNREG,2026-02-16 12:14:46,2026-02-16,12:14:46,-34.46364,150.877533,9,,,,2,,,
44204,UNREG,2026-02-16 12:14:46,2026-02-16,12:14:46,-34.193173,150.635413,1,,,,2,,,
G514,UNREG,2026-02-16 12:14:46,2026-02-16,12:14:46,-34.188757,150.662987,74,,,,2,,,
CSR022,UNREG,2026-02-16 12:14:46,2026-02-16,12:14:46,-34.694343,138.590333,3,,,,2,,,
SCT009,UNREG,2026-02-16 12:14:46,2026-02-16,12:14:46,-34.707853,138.602093,12,,,,2,,,
CLP16,UNREG,2026-02-16 12:14:46,2026-02-16,12:14:46,-34.80796,138.608267,4,,,,2,,,
CLP8,UNREG,2026-02-16 12:14:46,2026-02-16,12:14:46,-34.806837,138.60932,7,,,,2,,,
SCT007,UNREG,2026-02-16 12:14:46,2026-02-16,12:14:46,-33.0312,138.751533,90,,,,2,,,
NR87,UNREG,2026-02-16 12:14:46,2026-02-16,12:14:46,-35.110243,139.24452,58,,,,2,,,
8026,UNREG,2026-02-16 12:14:46,2026-02-16,12:14:46,-37.855413,144.79108,12,,,,2,,,
3VL23,UNREG,2026-02-16 12:14:46,2026-02-16,12:14:46,-37.815787,144.950453,9,,,,2,,,
MMY032,UNREG,2026-02-16 12:14:46,2026-02-16,12:14:46,-37.813113,144.8918,9,,,,2,,,
3VL26,UNREG,2026-02-16 12:14:46,2026-02-16,12:14:46,-37.811893,144.947107,1,,,,2,,,
VL353,UNREG,2026-02-16 12:14:46,2026-02-16,12:14:46,-37.800943,144.921093,14,,,,2,,,
VL357,UNREG,2026-02-16 12:14:46,2026-02-16,12:14:46,-37.800883,144.92056,14,,,,2,,,
XP2000,UNREG,2026-02-16 12:14:46,2026-02-16,12:14:46,-36.101007,146.681693,127,,,,2,,,
3VL13,UNREG,2026-02-16 12:14:46,2026-02-16,12:14:46,-37.81204,144.947067,2,,,,2,,,
TNSW-8989-6651,623W,2026-02-16 14:00:06,2026-02-16,14:00:06,-33.891076,151.247359,0,Waterfall,Bondi Junction via City,T4 Eastern Suburbs & Illawarra Line,2,aa49d747-1a7f-4a6d-8ab6-fb6b1a97cf21,,TNSW-8989-6651
MM-778M,FKN,2026-02-16 14:00:06,2026-02-16,14:00:06,-37.86504,145.027985,0,,,Frankston Line,2,8a12cdda-ab2e-43ce-baad-e3f00fe7fa9c,686a3a8d-cbaf-4cf2-a8e5-2b00e1144ddc,MM-778M
MM-972M,GWY,2026-02-16 14:00:06,2026-02-16,14:00:06,-37.879707,145.162613,0,,,Glen Waverley Line,2,8a12cdda-ab2e-43ce-baad-e3f00fe7fa9c,21d6cc2d-a94c-409c-80d6-3e53362ebf1a,MM-972M
HM2756,UNREG,2026-02-16 14:00:06,2026-02-16,14:00:06,-32.923843,151.758387,5,,,,2,5a73b58a-0a38-4653-bc0f-33b2a099837a,,HM2756
TT04,UNREG,2026-02-16 14:00:06,2026-02-16,14:00:06,-32.671843,151.3704,1,,,,2,18402348-3c0f-4dee-8bf5-3a8bbbf9945b,,TT04
TNSW-5506-3355,90XY,2026-02-19 05:01:54,2026-02-19,05:01:54,-33.895799,151.189158,0,Parramatta,City Circle ,T2 Leppington & Inner West Line,764,aa49d747-1a7f-4a6d-8ab6-fb6b1a97cf21,,TNSW-5506-3355
1305,L1,2026-02-19 05:01:54,2026-02-19,05:01:54,-33.910332,151.140106,2,,,Dulwich Hill Line,764,7da01a3a-8b84-424b-8900-3e64dae458d0,,1305
TNSW-9477-5568,854U,2026-02-19 05:01:54,2026-02-19,05:01:54,-33.74883,150.689751,0,,,Out Of Service trips,764,aa49d747-1a7f-4a6d-8ab6-fb6b1a97cf21,,TNSW-9477-5568
MM-896M,MDD,2026-02-19 05:01:54,2026-02-19,05:01:54,-37.605091,145.100357,0,,,Mernda Line,764,8a12cdda-ab2e-43ce-baad-e3f00fe7fa9c,7ef147fb-ba13-4660-9105-e8c2eda15eed,MM-896M
TNSW-9662-9823,813R,2026-02-19 05:01:54,2026-02-19,05:01:54,-33.692638,151.104965,0,North Shore,Hornsby and Berowra via City and Strathfield,T9 Northern Line,764,aa49d747-1a7f-4a6d-8ab6-fb6b1a97cf21,,TNSW-9662-9823
MM-378M,CGB,2026-02-19 05:01:54,2026-02-19,05:01:54,-37.599522,144.944275,0,,,Craigieburn Line,764,8a12cdda-ab2e-43ce-baad-e3f00fe7fa9c,57e4f52e-d88e-4110-8a33-061732512faa,MM-378M
NR88,UNREG,2026-02-19 05:01:54,2026-02-19,05:01:54,-33.888603,151.050453,13,,,,764,18402348-3c0f-4dee-8bf5-3a8bbbf9945b,,NR88
